1.877360951528205723e+07 1.065728974309982732e+07 6.120664426622109488e+06 3.727521481734658591e+06 2.123076990912189241e+06 1.295019887576982612e+06 7.715820176546254661e+05 4.865032898005071329e+05 2.618860558897922747e+05 1.724721551770974183e+05 1.087121954343015677e+05 5.505621268300874362e+04 2.504740995936747640e+04 1.169215914461109060e+04 1.101595781266179984e+03
1.065728974309982732e+07 6.361497512157112360e+06 3.556489183788327035e+06 2.163601600422864314e+06 1.232525511222724337e+06 7.500355433074820321e+05 4.490935428709115367e+05 2.807196112147193635e+05 1.521839191485894844e+05 1.004088860566525836e+05 6.186439837470070051e+04 3.160150250650056478e+04 1.346964645509151887e+04 6.542798472738608325e+03 6.431583212380548957e+02
6.120664426622109488e+06 3.556489183788327035e+06 2.160717229116000235e+06 1.240282703084060922e+06 7.053659124160647625e+05 4.317840483760278439e+05 2.564570492300432234e+05 1.610972948173432378e+05 8.739707706388819497e+04 5.792833501709782286e+04 3.525544537589866377e+04 1.831016909402136662e+04 7.621470812381892756e+03 3.976400458025139869e+03 3.628652770171600537e+02
3.727521481734658591e+06 2.163601600422864314e+06 1.240282703084060922e+06 8.279788036351643968e+05 4.322237074766170699e+05 2.599112477663647733e+05 1.575214751781765372e+05 9.873443168493105622e+04 5.343651692510512657e+04 3.452244818302706699e+04 2.190210827930458618e+04 1.104890278453320934e+04 4.524176791602538287e+03 2.227811076091222276e+03 2.500264934647144912e+02
2.123076990912189241e+06 1.232525511222724337e+06 7.053659124160647625e+05 4.322237074766170699e+05 2.855144967735114624e+05 1.501260682059192914e+05 9.122249770795417135e+04 5.723065337525306677e+04 2.989916392783287301e+04 1.921847541944064869e+04 1.235899188498803778e+04 6.179274374715017984e+03 2.573627398792055828e+03 1.219124742935239510e+03 1.113603578417636584e+02
1.295019887576982612e+06 7.500355433074820321e+05 4.317840483760278439e+05 2.599112477663647733e+05 1.501260682059192914e+05 1.112305387310800434e+05 5.455279500307976559e+04 3.415074764572617278e+04 1.869313625483885335e+04 1.186056634280600338e+04 7.636158991425312706e+03 3.812455987836950044e+03 1.559829320506540626e+03 7.475108627800691465e+02 5.259587700720972236e+01
7.715820176546254661e+05 4.490935428709115367e+05 2.564570492300432234e+05 1.575214751781765372e+05 9.122249770795417135e+04 5.455279500307976559e+04 4.403907840426218172e+04 2.025258910619901144e+04 1.117517288919643397e+04 7.213493943420508003e+03 4.211262303682902711e+03 2.196556293825403372e+03 9.723962760559003300e+02 4.159042895822124706e+02 3.154497723277624033e+01
4.865032898005071329e+05 2.807196112147193635e+05 1.610972948173432378e+05 9.873443168493105622e+04 5.723065337525306677e+04 3.415074764572617278e+04 2.025258910619901144e+04 1.788374131532862884e+04 6.973604666035838818e+03 4.623378372478520760e+03 2.856981215605045691e+03 1.470359074911620610e+03 5.826114942880790295e+02 2.886969336054953033e+02 1.604307581542599337e+01
2.618860558897922747e+05 1.521839191485894844e+05 8.739707706388819497e+04 5.343651692510512657e+04 2.989916392783287301e+04 1.869313625483885335e+04 1.117517288919643397e+04 6.973604666035838818e+03 6.429967532293223485e+03 2.636601667426104541e+03 1.432935688818589824e+03 7.007659437578636243e+02 2.623205640296968113e+02 1.500229548753234781e+02 1.220387483197411882e+01
1.724721551770974183e+05 1.004088860566525836e+05 5.792833501709782286e+04 3.452244818302706699e+04 1.921847541944064869e+04 1.186056634280600338e+04 7.213493943420508003e+03 4.623378372478520760e+03 2.636601667426104541e+03 3.309885363490361669e+03 9.672904132566836779e+02 4.809236484235161697e+02 2.059992110937024279e+02 9.954471681710593600e+01 5.756840698373368426e+00
1.087121954343015677e+05 6.186439837470070051e+04 3.525544537589866377e+04 2.190210827930458618e+04 1.235899188498803778e+04 7.636158991425312706e+03 4.211262303682902711e+03 2.856981215605045691e+03 1.432935688818589824e+03 9.672904132566836779e+02 1.371092788400809013e+03 3.523515917907822654e+02 1.228818823457339846e+02 6.015663236583876028e+01 5.152921442549653008e+00
5.505621268300874362e+04 3.160150250650056478e+04 1.831016909402136662e+04 1.104890278453320934e+04 6.179274374715017984e+03 3.812455987836950044e+03 2.196556293825403372e+03 1.470359074911620610e+03 7.007659437578636243e+02 4.809236484235161697e+02 3.523515917907822654e+02 4.760373926264073248e+02 5.981545720183356707e+01 3.339595053634128163e+01 6.509778991348709187e-01
2.504740995936747640e+04 1.346964645509151887e+04 7.621470812381892756e+03 4.524176791602538287e+03 2.573627398792055828e+03 1.559829320506540626e+03 9.723962760559003300e+02 5.826114942880790295e+02 2.623205640296968113e+02 2.059992110937024279e+02 1.228818823457339846e+02 5.981545720183356707e+01 1.499268768118994331e+02 9.811727130334212177e+00 1.541170568433790633e+00
1.169215914461109060e+04 6.542798472738608325e+03 3.976400458025139869e+03 2.227811076091222276e+03 1.219124742935239510e+03 7.475108627800691465e+02 4.159042895822124706e+02 2.886969336054953033e+02 1.500229548753234781e+02 9.954471681710593600e+01 6.015663236583876028e+01 3.339595053634128163e+01 9.811727130334212177e+00 4.840765775253618131e+01 8.313693651602128698e-01
1.101595781266179984e+03 6.431583212380548957e+02 3.628652770171600537e+02 2.500264934647144912e+02 1.113603578417636584e+02 5.259587700720972236e+01 3.154497723277624033e+01 1.604307581542599337e+01 1.220387483197411882e+01 5.756840698373368426e+00 5.152921442549653008e+00 6.509778991348709187e-01 1.541170568433790633e+00 8.313693651602128698e-01 1.999992340715606831e+00
