7.131420395577496290e+07 4.422701302179440856e+07 2.770935298072561622e+07 1.677305617867614888e+07 1.000663067607811466e+07 5.800281428088756278e+06 3.331358955763699487e+06 1.783382158493606839e+06 9.018295796355102211e+05 4.381853611161200097e+05 1.806238788607582683e+05 6.940199303771021368e+04 2.173101285610874038e+04 3.413832024233784068e+03 2.036286319368963120e+02
4.422701302179440856e+07 2.833635710500504822e+07 1.746936586695078015e+07 1.058744859488157742e+07 6.330946566412222572e+06 3.675701409599293955e+06 2.105506564083259553e+06 1.140592337805109564e+06 5.786443055595059413e+05 2.803863066088203341e+05 1.139506341964063467e+05 4.431223814247039263e+04 1.423139255747354400e+04 1.853816429930934646e+03 1.426621987507952838e+02
2.770935298072561622e+07 1.746936586695078015e+07 1.130502660366673768e+07 6.670518760084632784e+06 3.987129209094973747e+06 2.309309783586884383e+06 1.345736007077151444e+06 7.258119341148592066e+05 3.710793239915729500e+05 1.786470805488698243e+05 7.421398245258003590e+04 2.907157494035358468e+04 9.198325557883226793e+03 1.407437747251356086e+03 4.109003871770902094e+01
1.677305617867614888e+07 1.058744859488157742e+07 6.670518760084632784e+06 4.194158837811029982e+06 2.426480827019129880e+06 1.407298447784746066e+06 8.159380477862728294e+05 4.427971120821591467e+05 2.257529452476166189e+05 1.100879038913051045e+05 4.400760989732862799e+04 1.716024800762911036e+04 5.491569165252947641e+03 8.984612650840224433e+02 4.443708472317701563e+01
1.000663067607811466e+07 6.330946566412222572e+06 3.987129209094973747e+06 2.426480827019129880e+06 1.551002873916922603e+06 8.542409540405084845e+05 4.918694300343737705e+05 2.683731839875257574e+05 1.368146858506340941e+05 6.609912333363323705e+04 2.785161294572411498e+04 1.060836721673160355e+04 3.573227492235591853e+03 5.043412058012280568e+02 2.324893057242361749e+01
5.800281428088756278e+06 3.675701409599293955e+06 2.309309783586884383e+06 1.407298447784746066e+06 8.542409540405084845e+05 5.432020118795253802e+05 2.868111565136319259e+05 1.559218499316406669e+05 7.956509333220979897e+04 3.953961720428465924e+04 1.599387796462130791e+04 5.989718237904891794e+03 1.974214008065195685e+03 3.205223019213215139e+02 1.892149616461223705e+00
3.331358955763699487e+06 2.105506564083259553e+06 1.345736007077151444e+06 8.159380477862728294e+05 4.918694300343737705e+05 2.868111565136319259e+05 1.927878342377562076e+05 9.267089216110482812e+04 4.685122057590127952e+04 2.315086820286365764e+04 9.732319591300252796e+03 3.769773798353912298e+03 1.314249868834717290e+03 2.043639232386460094e+02 7.399971660647535643e+00
1.783382158493606839e+06 1.140592337805109564e+06 7.258119341148592066e+05 4.427971120821591467e+05 2.683731839875257574e+05 1.559218499316406669e+05 9.267089216110482812e+04 6.370460309205581143e+04 2.707327671079819265e+04 1.311543212533712176e+04 5.471477085336015080e+03 2.122282068466396595e+03 7.570794535866712067e+02 7.617225730599984956e+01 1.254897154955325611e-01
9.018295796355102211e+05 5.786443055595059413e+05 3.710793239915729500e+05 2.257529452476166189e+05 1.368146858506340941e+05 7.956509333220979897e+04 4.685122057590127952e+04 2.707327671079819265e+04 1.897452929484884226e+04 6.947953783878257127e+03 2.919696661700950244e+03 1.124795692418477756e+03 4.468747592112550251e+02 4.350767651778286904e+01 -2.450971005781123480e-01
4.381853611161200097e+05 2.803863066088203341e+05 1.786470805488698243e+05 1.100879038913051045e+05 6.609912333363323705e+04 3.953961720428465924e+04 2.315086820286365764e+04 1.311543212533712176e+04 6.947953783878257127e+03 5.599280517461485942e+03 1.626327105058592679e+03 6.714327227607230952e+02 2.546303974019730276e+02 3.343124451882446380e+01 -3.125478226569482931e+00
1.806238788607582683e+05 1.139506341964063467e+05 7.421398245258003590e+04 4.400760989732862799e+04 2.785161294572411498e+04 1.599387796462130791e+04 9.732319591300252796e+03 5.471477085336015080e+03 2.919696661700950244e+03 1.626327105058592679e+03 1.439459193247558233e+03 2.869008620524585922e+02 1.208289490312920265e+02 1.228426668096398977e+01 -5.196058532251335293e-01
6.940199303771021368e+04 4.431223814247039263e+04 2.907157494035358468e+04 1.716024800762911036e+04 1.060836721673160355e+04 5.989718237904891794e+03 3.769773798353912298e+03 2.122282068466396595e+03 1.124795692418477756e+03 6.714327227607230952e+02 2.869008620524585922e+02 3.368143963909451486e+02 6.177231245284752958e+01 9.003887086829475805e+00 1.537249014824545013e+00
2.173101285610874038e+04 1.423139255747354400e+04 9.198325557883226793e+03 5.491569165252947641e+03 3.573227492235591853e+03 1.974214008065195685e+03 1.314249868834717290e+03 7.570794535866712067e+02 4.468747592112550251e+02 2.546303974019730276e+02 1.208289490312920265e+02 6.177231245284752958e+01 7.704872453766643048e+01 3.107831235327684460e+00 -1.274504923005043422e-01
3.413832024233784068e+03 1.853816429930934646e+03 1.407437747251356086e+03 8.984612650840224433e+02 5.043412058012280568e+02 3.205223019213215139e+02 2.043639232386460094e+02 7.617225730599984956e+01 4.350767651778286904e+01 3.343124451882446380e+01 1.228426668096398977e+01 9.003887086829475805e+00 3.107831235327684460e+00 1.662542652639963947e+01 -2.941165206934717030e-02
2.036286319368963120e+02 1.426621987507952838e+02 4.109003871770902094e+01 4.443708472317701563e+01 2.324893057242361749e+01 1.892149616461223705e+00 7.399971660647535643e+00 1.254897154955325611e-01 -2.450971005781123480e-01 -3.125478226569482931e+00 -5.196058532251335293e-01 1.537249014824545013e+00 -1.274504923005043422e-01 -2.941165206934717030e-02 1.001956947162427447e+00
