1.152255750393076241e+07 4.762731329000646621e+07 -2.678250800473388657e+07 8.317399442115893960e+07 5.453879604492855072e+07 2.493413940491922945e+07 1.062975915049323812e+07 4.368684312575271353e+06 1.877730252074784134e+06 7.934110556255193660e+05 3.913890030751992599e+05 1.552210839878781699e+05 5.808132266650261590e+04 2.395777491660921805e+04 3.834699039908720351e+03
4.762731329000646621e+07 1.433476444049633265e+09 3.368979227471449375e+09 1.630385915953930378e+09 6.939566536468770504e+08 2.903035228645704985e+08 1.177663346737791300e+08 4.834655204929426312e+07 2.097582602272618935e+07 9.120473675636686385e+06 4.269858149869238026e+06 1.807746520088347606e+06 6.413157165298860054e+05 2.265746617085544858e+05 2.712725297467482960e+04
-2.678250800473388657e+07 3.368979227471449375e+09 1.090370909932002258e+10 3.829773759319889069e+09 1.382218650859201670e+09 5.538492518729000092e+08 2.189169833642510176e+08 9.004041991334134340e+07 3.851051278461903334e+07 1.767547138351900876e+07 7.801385401802249253e+06 3.277227166991491336e+06 1.129505823399896035e+06 3.381686814005799824e+05 2.036045535977609688e+04
8.317399442115893960e+07 1.630385915953930378e+09 3.829773759319889069e+09 2.141425983588979721e+09 9.836236046395004988e+08 4.208461026077561378e+08 1.730429352931710482e+08 7.121341225941881537e+07 3.059517841528038681e+07 1.347867886559832841e+07 6.208397798476594500e+06 2.536135550216156058e+06 9.001038607542160898e+05 3.191080720432288945e+05 3.539878600342245045e+04
5.453879604492855072e+07 6.939566536468770504e+08 1.382218650859201670e+09 9.836236046395004988e+08 4.923160057907844782e+08 2.139528358850339651e+08 8.883279160481166840e+07 3.662380786495089531e+07 1.571251113627863862e+07 6.867213595045782626e+06 3.191557114686301444e+06 1.294162996740958188e+06 4.606688279533258174e+05 1.698748788492688618e+05 2.128050673825576450e+04
2.493413940491922945e+07 2.903035228645704985e+08 5.538492518729000092e+08 4.208461026077561378e+08 2.139528358850339651e+08 9.450682337129539251e+07 3.900969261018466949e+07 1.607881261386081018e+07 6.897560745493866503e+06 3.023397242994553410e+06 1.401678826168721542e+06 5.641663178679526318e+05 2.012864585536983504e+05 7.503333617748066899e+04 9.709660854546378687e+03
1.062975915049323812e+07 1.177663346737791300e+08 2.189169833642510176e+08 1.730429352931710482e+08 8.883279160481166840e+07 3.900969261018466949e+07 1.661852100774744153e+07 6.722916955495642498e+06 2.894348805833483115e+06 1.252355968612216413e+06 5.867125570138036273e+05 2.328025123678269738e+05 8.357413876325590536e+04 3.067161587156920723e+04 4.167364432581040091e+03
4.368684312575271353e+06 4.834655204929426312e+07 9.004041991334134340e+07 7.121341225941881537e+07 3.662380786495089531e+07 1.607881261386081018e+07 6.722916955495642498e+06 2.899225977351412177e+06 1.196544633330956800e+06 5.229502502211405663e+05 2.404928064460521273e+05 9.556897518008662155e+04 3.422794146774837282e+04 1.225169425668555414e+04 1.663393629773189332e+03
1.877730252074784134e+06 2.097582602272618935e+07 3.851051278461903334e+07 3.059517841528038681e+07 1.571251113627863862e+07 6.897560745493866503e+06 2.894348805833483115e+06 1.196544633330956800e+06 5.644321286147693172e+05 2.254309092259976896e+05 1.047852849828304752e+05 4.156787218186375685e+04 1.425998460483925919e+04 5.158850831607021973e+03 6.889542242868438962e+02
7.934110556255193660e+05 9.120473675636686385e+06 1.767547138351900876e+07 1.347867886559832841e+07 6.867213595045782626e+06 3.023397242994553410e+06 1.252355968612216413e+06 5.229502502211405663e+05 2.254309092259976896e+05 1.191415652973079705e+05 4.532442054066799756e+04 1.842199219518851169e+04 6.058492484327056445e+03 2.261316830128499532e+03 2.855243967356083772e+02
3.913890030751992599e+05 4.269858149869238026e+06 7.801385401802249253e+06 6.208397798476594500e+06 3.191557114686301444e+06 1.401678826168721542e+06 5.867125570138036273e+05 2.404928064460521273e+05 1.047852849828304752e+05 4.532442054066799756e+04 2.861501002217397036e+04 8.712162713837586125e+03 2.634113441661185789e+03 1.071360602938864076e+03 1.493994278514535665e+02
1.552210839878781699e+05 1.807746520088347606e+06 3.277227166991491336e+06 2.536135550216156058e+06 1.294162996740958188e+06 5.641663178679526318e+05 2.328025123678269738e+05 9.556897518008662155e+04 4.156787218186375685e+04 1.842199219518851169e+04 8.712162713837586125e+03 5.526284718578625871e+03 1.225101190635747116e+03 3.989631779902750850e+02 6.191348838278008770e+01
5.808132266650261590e+04 6.413157165298860054e+05 1.129505823399896035e+06 9.001038607542160898e+05 4.606688279533258174e+05 2.012864585536983504e+05 8.357413876325590536e+04 3.422794146774837282e+04 1.425998460483925919e+04 6.058492484327056445e+03 2.634113441661185789e+03 1.225101190635747116e+03 1.010739266470339203e+03 1.580150811309701453e+02 1.187838588240686200e+01
2.395777491660921805e+04 2.265746617085544858e+05 3.381686814005799824e+05 3.191080720432288945e+05 1.698748788492688618e+05 7.503333617748066899e+04 3.067161587156920723e+04 1.225169425668555414e+04 5.158850831607021973e+03 2.261316830128499532e+03 1.071360602938864076e+03 3.989631779902750850e+02 1.580150811309701453e+02 1.826816533331290771e+02 9.678394307619836212e+00
3.834699039908720351e+03 2.712725297467482960e+04 2.036045535977609688e+04 3.539878600342245045e+04 2.128050673825576450e+04 9.709660854546378687e+03 4.167364432581040091e+03 1.663393629773189332e+03 6.889542242868438962e+02 2.855243967356083772e+02 1.493994278514535665e+02 6.191348838278008770e+01 1.187838588240686200e+01 9.678394307619836212e+00 1.944306279464309739e+01
