5.755384821595791436e+04 4.701176113755424012e+03 -2.137932988920721300e+02 -9.890589573415592213e+02 1.277044128967057532e+03 2.989204238648744649e+01 -9.807962438869240032e+02 2.726067991467792240e+01 4.312218779799318327e+02 -1.781012787175243375e+02 -1.657876003844913555e+02 1.261759873774957441e+01 -5.776448466419616956e+00 2.378422264007804543e+00 2.131364386625296259e+00
4.701176113755424012e+03 3.203698907402899204e+04 -4.022514006916107405e+02 2.225481673247151093e+01 1.601425239640576592e+02 -8.993004775563675821e+02 1.161721041203190623e+02 1.111074176339660369e+02 -2.109795841779074976e+00 -1.087682109060519622e+02 4.996059298179629593e+01 -7.258599653034207222e+01 -5.109784352847769107e+00 -1.352935995189894491e-01 -6.068604210308459201e+00
-2.137932988920721300e+02 -4.022514006916107405e+02 1.973088718256941138e+04 4.905981211775105066e+02 2.238520838997838780e+02 1.932208286579584922e+02 3.507123823821034989e+02 7.530363318155035302e+01 5.890957831809966194e+01 1.759993259829683510e+01 -5.325469801356307897e+01 2.323520513478345428e+00 1.037250929645613873e+01 -1.807247980821100342e+01 9.703884406079664515e+00
-9.890589573415592213e+02 2.225481673247151093e+01 4.905981211775105066e+02 1.379250404218655422e+04 -1.308347930652916773e+02 -2.805048081157959814e+02 5.207823193071305923e+00 -1.553680324447238661e+02 -6.125466737642550896e+01 1.350896787313122900e+02 2.977243500139697474e+01 3.460771060159748913e+01 -2.909792778060662943e+00 2.160776038694643297e+00 3.062733368821263458e+00
1.277044128967057532e+03 1.601425239640576592e+02 2.238520838997838780e+02 -1.308347930652916773e+02 7.455969485411709684e+03 2.311148011841383436e+02 -1.301955798269325726e+01 9.935452146706299459e+01 -3.725475928785591861e+00 -6.064290501338556538e+01 2.368618379982599720e+00 -2.195481788136650536e+01 -4.145082164973646677e+00 6.833307164111715792e+00 -2.072541082486822450e+00
2.989204238648744649e+01 -8.993004775563675821e+02 1.932208286579584922e+02 -2.805048081157959814e+02 2.311148011841383436e+02 3.709395598209368472e+03 3.573319648746046084e+01 -1.205289501801967589e+01 -2.912145710226492668e+01 5.348999123012036705e+01 -3.184301530708452788e+00 -2.398030032054281335e+00 -2.207834682005739513e+00 1.205877734842985216e+00 -1.605876202986380452e+00
-9.807962438869240032e+02 1.161721041203190623e+02 3.507123823821034989e+02 5.207823193071305923e+00 -1.301955798269325726e+01 3.573319648746046084e+01 1.925012235706887623e+03 -4.865863718352836287e+01 -1.769404988492054542e+01 4.517629757851468142e+00 -1.781953960041534657e+01 -8.125459078358655773e+00 -9.411728662192477834e-01 -9.098004373451324955e-01 1.035290152841135569e+00
2.726067991467792240e+01 1.111074176339660369e+02 7.530363318155035302e+01 -1.553680324447238661e+02 9.935452146706299459e+01 -1.205289501801967589e+01 -4.865863718352836287e+01 9.984569605661565674e+02 2.450971005778999157e+01 2.318422493786366090e+01 5.129392120893937701e+00 8.529379100110587864e-01 -9.450944198283588449e-01 3.099988128109055996e+00 -9.745060718976900072e-01
4.312218779799318327e+02 -2.109795841779074976e+00 5.890957831809966194e+01 -6.125466737642550896e+01 -3.725475928785591861e+00 -2.912145710226492668e+01 -1.769404988492054542e+01 2.450971005778999157e+01 5.473547665641626736e+02 -1.694111159194385152e+01 9.850942666426693251e+00 -5.890173521087868735e+00 1.082348796152019510e+00 1.176466082773834076e-01 3.921553609244222971e-02
-1.781012787175243375e+02 -1.087682109060519622e+02 1.759993259829683510e+01 1.350896787313122900e+02 -6.064290501338556538e+01 5.348999123012036705e+01 4.517629757851468142e+00 2.318422493786366090e+01 -1.694111159194385152e+01 2.063050922752286738e+02 8.784280084711685532e+00 7.247031069887140298e+00 -8.156831507232277234e-01 -1.223524726084841419e+00 -4.078415753616139727e-01
-1.657876003844913555e+02 4.996059298179629593e+01 -5.325469801356307897e+01 2.977243500139697474e+01 2.368618379982599720e+00 -3.184301530708452788e+00 -1.781953960041534657e+01 5.129392120893937701e+00 9.850942666426693251e+00 8.784280084711685532e+00 6.613308006632939851e+01 1.929404375749173450e+00 -2.823518598657328016e-01 -4.235277897985986195e-01 -1.411759299328664008e-01
1.261759873774957441e+01 -7.258599653034207222e+01 2.323520513478345428e+00 3.460771060159748913e+01 -2.195481788136650536e+01 -2.398030032054281335e+00 -8.125459078358655773e+00 8.529379100110587864e-01 -5.890173521087868735e+00 7.247031069887140298e+00 1.929404375749173450e+00 2.746460070235638184e+01 -1.137250546681423946e-01 -1.705875820022134670e-01 -5.686252733407119730e-02
-5.776448466419616956e+00 -5.109784352847769107e+00 1.037250929645613873e+01 -2.909792778060662943e+00 -4.145082164973646677e+00 -2.207834682005739513e+00 -9.411728662192477834e-01 -9.450944198283588449e-01 1.082348796152019510e+00 -8.156831507232277234e-01 -2.823518598657328016e-01 -1.137250546681423946e-01 1.999992340715606831e+00 -1.176466082773886326e-02 -3.921553609246290067e-03
2.378422264007804543e+00 -1.352935995189894491e-01 -1.807247980821100342e+01 2.160776038694643297e+00 6.833307164111715792e+00 1.205877734842985216e+00 -9.098004373451324955e-01 3.099988128109055996e+00 1.176466082773834076e-01 -1.223524726084841419e+00 -4.235277897985986195e-01 -1.705875820022134670e-01 -1.176466082773886326e-02 2.994106180659540151e+00 -5.882330413869429897e-03
2.131364386625296259e+00 -6.068604210308459201e+00 9.703884406079664515e+00 3.062733368821263458e+00 -2.072541082486822450e+00 -1.605876202986380452e+00 1.035290152841135569e+00 -9.745060718976900072e-01 3.921553609244222971e-02 -4.078415753616139727e-01 -1.411759299328664008e-01 -5.686252733407119730e-02 -3.921553609246290067e-03 -5.882330413869429897e-03 1.001956947162427891e+00
