3.953585726540932363e-03 -3.501769952259816687e-01 -8.929558460367883477e-01 -1.702678766468787575e-01 1.006078419090535581e-01 -1.775941864658836800e-01 9.663082047265270091e-02
-8.355284189831108099e-01 4.819883450619236176e-01 -1.430207833633564407e-01 -1.703454707306575888e-01 1.414442677037255069e-01 -8.910269015004312204e-03 -4.593328158366947848e-03
5.202527614906109488e-01 7.577327356605942921e-01 -2.846247810192620298e-01 4.466244882246456910e-02 2.613664903859953537e-01 6.080137735002030114e-02 1.276383094026121469e-02
-8.885020457224565267e-04 3.831435416089667718e-03 2.913272325233035552e-03 -1.508280290528865586e-01 -1.381135399251875728e-01 5.015254428555988575e-01 8.406092013658575945e-01
-1.430455482287811275e-01 -1.935841889667105631e-01 -3.289714849671308838e-02 6.851424822709981655e-01 6.259243416318743813e-01 2.755087208143429112e-01 6.224429958072058566e-02
-1.813862906443416707e-03 -5.975811701009282190e-02 -1.784061564259909194e-01 -1.620132595385537222e-01 -1.495074301636026837e-01 7.977803381452994724e-01 -5.287179634081345947e-01
-1.036705647244113154e-01 1.727537492601650682e-01 -2.612358711950595325e-01 6.492910940573145551e-01 -6.843610421052477299e-01 -2.824555795967185687e-02 2.091897247130650866e-02
