-1.366536633009139343e-02 -3.690449823376214522e-01 8.814740419753190892e-01 -1.811379846573336339e-01 -8.092539821788580223e-02 -2.104576560131559693e-01 -5.450006936862553802e-02
-8.437065649800351563e-01 4.650192337118795316e-01 1.255568471485994098e-01 -2.060888523272214334e-01 -1.155004769290661898e-01 -1.553374674129023164e-02 9.876745895930160932e-03
5.041835183703169410e-01 7.584728015440015403e-01 3.076237143408384611e-01 -1.887105273063070798e-02 -2.695311478566496666e-01 5.038148235591053542e-02 -1.855234315131718686e-02
-6.212196666491935334e-04 -4.365104298541295385e-04 4.121401614802567594e-03 -1.415852025281393312e-01 1.369136668374548171e-01 3.266599805524148525e-01 -9.243830228629246193e-01
-1.447769590879429136e-01 -1.790666431242364243e-01 3.406111312064857150e-02 5.884902001476481903e-01 -7.206814268889599751e-01 2.634605364414751016e-01 -1.034442894310790423e-01
-4.690432585624481655e-03 -6.752150115795185759e-02 1.864587089269760245e-01 -1.612312845586145460e-01 1.651740686086908827e-01 8.813148201920414371e-01 3.614667124888634731e-01
-1.130872045012873556e-01 1.888325085033650541e-01 2.768802021090349119e-01 7.293817151974620883e-01 5.848539440896147745e-01 -9.694045934616739996e-03 -2.729697203559575125e-02
