-2.908147010899400087e-01 7.577971983709791415e-01 3.173701964030965494e-01 -3.938318897872964408e-01 -2.001263133550145457e-01 9.921488352797162846e-02 -1.445085762804201590e-01 1.206894931779831787e-01
7.644021890661760743e-01 3.922447661518887463e-01 -4.562571711908763317e-01 -4.918441903822719924e-02 -1.632801208169683826e-01 1.491550122777881293e-01 -4.152096148967807793e-02 -2.473899055015824078e-02
1.906815344513814181e-01 -4.690030711515495443e-01 1.235871078237584103e-01 -7.965241434818622901e-01 -2.025488614937477061e-01 1.901614919703273343e-01 8.879882284794107794e-02 9.423121584671109718e-02
-5.134620749553002739e-01 -1.373368067447009767e-02 -8.015086867353662381e-01 -1.904372559980891944e-01 -2.198665271374295183e-01 -7.093243943718617606e-02 2.509591601811912709e-02 5.901740838620051638e-02
-5.709777545694099538e-02 1.345928411866591512e-01 9.488534160889300654e-04 9.623368701953459448e-02 8.842756462010113727e-02 3.553501635826781802e-01 8.820074997899444158e-01 2.394418210555370463e-01
1.534634550546021270e-01 2.180810783810293793e-02 1.035123720715286633e-01 1.734804964733648036e-02 -3.682966443665142142e-01 -7.910950193461605551e-01 2.602199426322826525e-01 3.684690515732532701e-01
-2.587324213186326452e-02 8.911856841322456091e-02 5.760187791909486543e-02 -1.214226582406769395e-01 -1.791818727502666186e-01 -2.131337724156895375e-01 3.413887244782716213e-01 -8.827505922763310142e-01
6.027221851591073321e-02 1.587514067052422650e-01 -1.392189505957448781e-01 -3.839986153759807341e-01 8.175290415896366847e-01 -3.594235827952467766e-01 8.173332104014657817e-02 1.044108464335840279e-02
