-2.194111739431211794e-01 8.419093320937425240e-01 -2.189825913216341402e-01 -3.167895251497410136e-01 -1.959459954326055742e-01 9.027988339261562578e-02 -1.782630469170505827e-01 -1.281227160507705798e-01
8.119329732729033688e-01 2.720156065796022760e-01 4.603369640809902297e-01 1.809523424978629405e-02 -1.802183751883974505e-01 1.431590522317589542e-01 -1.562137481865623345e-02 -3.629868241175931987e-02
1.400666954733116865e-01 -4.065486764091818528e-01 -1.453853505365913512e-01 -7.892455344023137087e-01 -2.466499892816806094e-01 2.415872843001211079e-01 -1.982992239775291099e-01 1.119413481526435467e-01
-4.908863180772838897e-01 -3.285300911962476395e-02 8.075713756926181652e-01 -1.408680074910764746e-01 -2.767966400735372146e-01 -7.933649709848962506e-02 -4.795474235674607177e-02 2.693813470493341619e-02
-4.429918145570731908e-02 1.361752337928974765e-01 1.895804354651809548e-02 1.502747796900422150e-01 1.005008019778681483e-01 2.446704061877524317e-01 -2.346367851469301213e-01 9.118846043175780069e-01
1.560915662608563237e-01 1.131402419186693618e-02 -1.335161414208999309e-01 -3.854967149156380418e-02 -3.513032755672780283e-01 -8.664594832052315843e-01 -1.388624589249927987e-01 2.504914542405028421e-01
-1.788989572189171248e-02 1.027874822404600541e-01 -5.667564304679769543e-02 -1.689595967605854732e-01 -2.005575593381659916e-01 2.484713705120073293e-02 9.199533588024345621e-01 2.649534186876210673e-01
7.340629605480229747e-02 1.469628247722193637e-01 2.131431004284171926e-01 -4.516068181768843059e-01 7.860891614311644737e-01 -3.089713721226549636e-01 7.552902351658975777e-02 6.730997285786273487e-02
