-3.098317310285011450e-01 7.694178486622182955e-01 3.143622156359848763e-01 -3.458832477420069607e-01 -2.118951203301300545e-01 1.042607095388808913e-01 -1.329946031733455492e-01 1.417189009033458791e-01
7.656129664646781352e-01 4.069078153738388548e-01 -4.425864437118334216e-01 -2.749349991071578167e-02 -1.566714406389480563e-01 1.602479135804140420e-01 -3.668464425021164543e-02 -7.284602356576362452e-03
1.928233604692710657e-01 -4.358050516461447477e-01 1.397782511823215112e-01 -7.846444461669693782e-01 -2.541560555386308540e-01 2.178515999252284840e-01 1.050381097659668361e-01 1.208330151598995678e-01
-4.995738937662844714e-01 -1.754118389628390312e-02 -8.076734342524563015e-01 -1.809777567114426444e-01 -2.391758532449858587e-01 -5.466751881466173912e-02 2.931678009510942789e-02 6.305399851938560396e-02
-5.965959146848533179e-02 1.328710689950107215e-01 1.005919676160198445e-03 1.108001806958498064e-01 1.255738566561115932e-01 3.079125189381184402e-01 8.984442064617401691e-01 2.207428715368834060e-01
1.531849247211477527e-01 2.322980405861942502e-02 1.013304166435993886e-01 2.473921768654174444e-02 -3.846063504395663690e-01 -8.094604228660062795e-01 2.590774827902798116e-01 3.079699818794959798e-01
-2.839000316803981863e-02 9.215409933152456101e-02 5.540916408584697916e-02 -1.187809140342790531e-01 -2.126990871244576198e-01 -1.458747849466847379e-01 3.008079338298927374e-01 -9.036131811185339480e-01
5.705506163064834324e-02 1.596926578738925573e-01 -1.417048363534178512e-01 -4.518754436748371184e-01 7.744820129534731867e-01 -3.764129448461724370e-01 6.531192108661913742e-02 -3.459128862844761121e-02
