3.954240675453406240e-03 -3.501762575003013467e-01 -8.929560822095256034e-01 -1.702678664580107026e-01 1.006083077305084117e-01 -1.775941829551661022e-01 9.663082405072678793e-02
-8.355280178809234570e-01 4.819889316580288074e-01 -1.430211093159387825e-01 -1.703454661498974287e-01 1.414443127743050255e-01 -8.910287400897186350e-03 -4.593333166157565796e-03
5.202534460688749141e-01 7.577326624627143126e-01 -2.846234983499377202e-01 4.466245986675011770e-02 2.613667418548162868e-01 6.080134907266020183e-02 1.276382229049853774e-02
-8.884936573361537897e-04 3.831439965441913332e-03 2.913210127690884620e-03 -1.508280324136378192e-01 -1.381134337099964859e-01 5.015254740477614881e-01 8.406091998076477001e-01
-1.430456774618616145e-01 -1.935841167016962572e-01 -3.289708489313096507e-02 6.851424997671771155e-01 6.259243599703395722e-01 2.755086334231648948e-01 6.224427076961371041e-02
-1.813714505114090653e-03 -5.975795970735168355e-02 -1.784062815456146367e-01 -1.620132617654576335e-01 -1.495072381287137209e-01 7.977803550133072408e-01 -5.287179676453319654e-01
-1.036701613209307093e-01 1.727540643794835129e-01 -2.612362062185278888e-01 6.492910773726939810e-01 -6.843609148857675573e-01 -2.824545724845979253e-02 2.091900137037318308e-02
