-1.961042126232723226e-02 3.804481003441988474e-01 8.735378214266571462e-01 1.867244402810190607e-01 1.513804633580185036e-02 -2.378141032304225133e-01 1.247493964543397796e-02
-8.638342144304826942e-01 -4.212199284310411684e-01 1.021560353696594481e-01 2.536026510928325872e-01 2.454836302113435481e-02 -2.571838506291157858e-02 1.870839947184878976e-02
4.666806024349468562e-01 -7.767382517763326000e-01 3.202952947084373725e-01 1.531658106445985268e-01 2.268678330184721870e-01 2.891230429330738511e-02 -2.308954693309196032e-02
-3.174853503123244505e-04 6.802506996653905069e-03 9.618073054323285007e-03 1.010415287088087533e-01 -1.655923387380847100e-01 6.368370407762007079e-02 -9.788642860145192470e-01
-1.368918088927013332e-01 1.540998205451485636e-01 4.028736567617250547e-02 -2.769705383763332307e-01 8.925957760187723800e-01 2.366114872529999635e-01 -1.626834710036400289e-01
-5.155404203086784952e-03 7.489890947734879900e-02 1.959952307970105057e-01 1.350025237959652791e-01 -2.089726907711730308e-01 9.387905888327013892e-01 1.128113827198962138e-01
-1.298038918398801977e-01 -2.123860344516634024e-01 2.894426255836906048e-01 -8.787560310612047010e-01 -2.826332893771942856e-01 2.405651448037239917e-02 -3.992034880593271773e-02
