8.601298873365238462e-01 9.099974663751646264e-02 4.424009176957756639e-01 1.552832299755637635e-01 6.718166543356884901e-02 1.415978147134314968e-01 8.660746059440047051e-02
3.566644082411807304e-02 -9.663668475740108121e-01 4.173998954676853140e-02 2.368140854055869327e-01 3.612845737476659547e-02 3.741170846638027653e-02 -6.584057846271780534e-02
-4.651001703843367641e-01 4.589973133153264773e-02 8.566423149656360314e-01 1.585859458595282045e-01 -5.620558762565851935e-02 -9.200918212561497167e-02 1.047126089949979855e-01
1.458213679235673410e-01 -8.428629743771055144e-03 -1.068173653317639610e-01 2.186406077133484227e-01 -1.928089562140845037e-01 -8.858895525625948286e-01 3.122111930151748593e-01
-1.619038845467711887e-02 -4.864285702209577428e-02 7.082526208743929186e-02 -2.876660358155754271e-01 9.159999655285582243e-01 -2.554037463326104818e-01 7.291616680657399263e-02
1.006323268220254696e-01 2.021824982532281420e-02 1.498160964596955136e-01 -1.457777370285271712e-01 -7.726498915218789343e-02 -3.407121364709300715e-01 -9.075867491945412979e-01
1.045631301885645292e-01 -2.300031080677839845e-01 1.727197599010969198e-01 -8.618875176619289480e-01 -3.298805561465751879e-01 -6.299682867978539935e-02 2.251513530390313600e-01
