-3.328912349492305078e-02 -3.638491066201050006e-01 -8.752386842654046317e-01 2.080588565606202034e-01 -1.792282792456875370e-02 2.362640329010589069e-01 3.213251682108988344e-02
-8.627528860529354304e-01 4.290106130653280614e-01 -7.917768891472999615e-02 2.529019148165808084e-01 1.998329400436519784e-02 2.152255654528435758e-02 2.272254530992296601e-02
4.673238632844523011e-01 7.770561673314778650e-01 -3.005360205952658514e-01 2.039417307433631088e-01 -2.088010679348983878e-01 -4.360098424029121289e-02 -1.946942746188335890e-02
-1.084734055587644472e-03 -9.895979378914798036e-03 -2.006125338767616659e-02 8.336312273426488284e-02 1.661604275552506504e-01 -1.693867015015874944e-02 -9.821674106754260114e-01
-1.473344138767893885e-01 -1.456332740067400877e-01 -2.621291510712180778e-02 -1.551897745973115916e-01 -9.176381495731991134e-01 -2.530728083789153815e-01 -1.618855059564404120e-01
-1.016863938456468927e-02 -7.851551074738470637e-02 -2.011951467290119255e-01 8.904803835302403658e-02 2.505929283980848910e-01 -9.367402232924959549e-01 7.101979615649224586e-02
-1.197734999148110657e-01 2.286389467423788069e-01 -3.095111978508061634e-01 -9.012197704467549420e-01 1.523669164502948481e-01 1.722470263518220571e-04 -4.656798915493327168e-02
