-8.963740836293029868e-02 -4.498621619116334180e-01 -8.327303333648441441e-01 -1.974563726627738269e-01 1.511970673343952243e-01 1.361554986203443729e-01 1.255446936991895246e-01
-6.415530996003743214e-01 6.962698209122996085e-01 -2.463463790553374611e-01 -1.211435866636594999e-01 1.677897408535895807e-01 1.008910648204741287e-02 -6.801552573013513363e-04
7.320523909468081847e-01 5.180454048577847193e-01 -3.557780165359751834e-01 1.281989443790467753e-01 2.228435920896572886e-01 -5.415334238847981096e-02 1.111026540438715508e-02
3.727713025484109734e-03 1.874552438834409251e-02 2.108197499002746611e-02 -1.686524539865508487e-01 -1.139027335569139654e-01 -6.216926898869004070e-01 7.558246993816715165e-01
-1.950108226252022237e-01 -1.732650953458619303e-01 -5.365889895282438017e-03 7.621637986901274031e-01 5.314634840465672916e-01 -2.582934206219101303e-01 4.311161066604289605e-02
-1.526549147261727774e-02 -6.650066892446339362e-02 -1.537752368098089240e-01 -1.678157467586359475e-01 -8.837145102643773065e-02 -7.246435378755273771e-01 -6.407947465025363165e-01
-7.872674455946954142e-02 9.831990315024718985e-02 -3.085054140049501847e-01 5.407409840539304513e-01 -7.720686512319813177e-01 1.008746022831919116e-02 1.916076617941777152e-02
