-8.281413151563412622e-01 4.856385214190288568e-01 -7.644910626452310065e-02 1.581807628822634593e-01 -1.040180156186764765e-01 -1.656946116214459419e-01 9.590160142970009793e-02
2.039406849497077956e-01 -1.067427955583298733e-02 2.504566412176488788e-01 8.191461217680927609e-01 -3.648301359054993975e-01 -2.519408805252744132e-01 -1.673024910029350110e-01
-1.051526159108134711e-01 2.591329797035434035e-02 -1.015943090726017101e-01 -1.566592340334435618e-01 1.746467864874468728e-02 -7.550063608980042695e-02 -9.733460577108453693e-01
-1.020545702923224413e-01 8.006115996604169782e-02 3.569846917815035214e-02 2.640424782817533123e-01 -4.731615308886601146e-02 9.478399214450708987e-01 -1.074380253001850222e-01
-4.321900996514862481e-01 -8.483091119659694757e-01 -2.387782062645939507e-01 1.058101255443109900e-01 -1.565922053145697712e-01 1.275399666838527841e-04 2.917908210316193240e-02
-1.678403412366068215e-01 -1.086918204530447768e-01 7.960778368014865825e-01 -3.812519895806150139e-01 -4.226798581956117129e-01 4.424853588700926321e-02 -1.750744875943988782e-02
-1.901559592012558308e-01 -1.597427201634125382e-01 4.786191248270962872e-01 2.305841912930767512e-01 8.064465324675603730e-01 -5.488420966195898393e-02 -5.205144005055820783e-02
