-2.077272031521091855e-01 9.486562708500149155e-01 -7.334868471091851583e-02 1.150253582677153025e-01 6.807484227707151503e-02 -1.687458484606677578e-01 -7.197555647813555502e-02
5.538425691980051330e-02 -1.369303840791827875e-01 -8.123767361445870527e-01 4.130688973730808344e-01 -4.039584291123023835e-02 -3.130223070844095345e-01 2.190570467675892474e-01
-2.849879206400377646e-02 1.004021567742681559e-01 2.365969655851730691e-01 2.302208180301835994e-03 -1.613036454527979890e-01 2.710521207621937115e-02 9.520347908145299076e-01
-2.731073513269950681e-02 1.270851563354918612e-01 -2.704938812118994895e-01 1.870943028836194733e-01 -2.185933849302285903e-01 9.094182157986416826e-01 -1.037832739335810446e-02
-9.495525735136749468e-01 -2.301931830562099213e-01 7.480311070885271862e-02 1.968072382254164865e-01 -1.101545265513370966e-02 -1.751624521313660185e-02 -2.458160236447703983e-02
-7.084671208084691862e-02 -1.842065746673976837e-02 -1.786482093001492133e-01 -2.011389617588539847e-01 9.165327150801730882e-01 2.112075643020971394e-01 1.939806823154032467e-01
-2.134352109525007035e-01 4.173604557301521800e-02 -4.098881031052091228e-01 -8.378208064311916115e-01 -2.824508802312264977e-01 -2.915880796552088386e-02 4.607403437969037618e-02
